CV     13.838000000000      0.000000000000      0.000000000000
CV      0.000000000000     12.784000000000      0.000000000000
CV      0.000000000000      0.000000000000     16.885000000000

  N      5.198000     13.013999      8.144999
  N      5.478000     12.639999      9.458999
  C      4.317000     12.472999     10.039999
  H      4.217883     12.179032     11.077659
  N      3.280000     12.715999      9.228999
  C      3.873000     13.057999      8.067999
  N      3.180000     13.444999      6.968000
  H      2.162679     13.451087      6.961877
  H      3.649753     13.321680      6.072555
  N      1.721000     12.553999     16.587999
  N      1.441000     12.927999     17.900999
  C      2.602000     13.094999     18.481999
  H      2.700525     13.386413     19.520522
  N      3.639000     12.851999     17.671999
  C      3.046000     12.509999     16.509999
  N      3.739000     12.122999     15.410999
  H      4.756449     12.119402     15.403203
  H      3.271516     12.252746     14.514937
  N      8.639999      6.622000     17.181999
  N      8.359999      6.247999     15.868999
  C      9.520999      6.081000     15.287999
  H      9.619244      5.787770     14.249935
  N     10.557999      6.324000     16.097999
  C      9.964999      6.665999     17.259999
  N     10.657999      7.053000     18.358999
  H     11.675546      7.047520     18.363831
  H     10.193328      6.913189     19.255107
  N     12.116999      6.162000      8.739999
  N     12.396999      6.535999      7.425999
  C     11.235999      6.702999      6.845000
  H     11.137324      6.995557      5.806829
  N     10.198999      6.460000      7.655999
  C     10.791999      6.118000      8.816999
  N     10.098999      5.731000      9.916999
  H      9.081450      5.726730      9.925030
  H     10.568015      5.860010     10.812348
  N      8.639999     -0.230000      8.739999
  N      8.359999      0.144000      7.425999
  C      9.520999      0.311000      6.845000
  H      9.619440      0.600613      5.805781
  N     10.557999      0.068000      7.655999
  C      9.964999     -0.274000      8.816999
  N     10.657999     -0.661000      9.916999
  H     11.675710     -0.649699      9.924550
  H     10.189848     -0.520380     10.811587
  N     12.116999      0.230000      0.297000
  N     12.396999     -0.144000     -1.016000
  C     11.235999     -0.311000     -1.597000
  H     11.138004     -0.604621     -2.635051
  N     10.198999     -0.068000     -0.787000
  C     10.791999      0.274000      0.375000
  N     10.098999      0.661000      1.474000
  H      9.081454      0.639908      1.485641
  H     10.569614      0.525000      2.368160
  N      5.198000      6.162000     -0.297000
  N      5.478000      6.535999      1.016000
  C      4.317000      6.702999      1.597000
  H      4.218019      6.992911      2.636128
  N      3.280000      6.460000      0.787000
  C      3.873000      6.118000     -0.375000
  N      3.180000      5.731000     -1.474000
  H      2.162241      5.732503     -1.479144
  H      3.645439      5.872395     -2.369804
  N      1.721000      6.622000      8.144999
  N      1.441000      6.247999      9.458999
  C      2.602000      6.081000     10.039999
  H      2.699860      5.791443     11.079252
  N      3.639000      6.324000      9.228999
  C      3.046000      6.665999      8.067999
  N      3.739000      7.053000      6.968000
  H      4.756354      7.022861      6.954147
  H      3.266240      6.917485      6.074569
  N      7.369999      1.478000     16.025999
  N      6.190000      1.639000     16.725999
  C      5.782000      2.873000     16.489999
  H      4.876552      3.299721     16.913318
  N      6.627000      3.542000     15.658999
  C      7.585000      2.625000     15.405999
  N      8.686999      2.876000     14.613999
  H      8.522371      3.606044     13.909185
  H      9.121861      2.033228     14.232725
  N     -0.451000     11.305999      7.582999
  N      0.729000     11.144999      8.283999
  C      1.137000      9.910999      8.046999
  H      2.042961      9.484544      8.469386
  N      0.292000      9.241999      7.217000
  C     -0.666000     10.158999      6.962999
  N     -1.768000      9.907999      6.171000
  H     -1.602467      9.177441      5.466722
  H     -2.205345     10.749262      5.789612
  N      6.468000      7.869999      9.301999
  N      7.647999      8.030999      8.600999
  C      8.055999      9.264999      8.837999
  H      8.961464      9.692159      8.415208
  N      7.210999      9.933999      9.667999
  C      6.252999      9.016999      9.921999
  N      5.151000      9.267999     10.713999
  H      5.312689      9.996339     11.421255
  H      4.710775      8.426297     11.091020
  N      0.451000      4.914000      0.859000
  N     -0.729000      4.753000      0.159000
  C     -1.137000      3.519000      0.395000
  H     -2.042137      3.091845     -0.028317
  N     -0.292000      2.850000      1.226000
  C      0.666000      3.767000      1.479000
  N      1.768000      3.516000      2.271000
  H      1.607656      2.787966      2.978639
  H      2.209739      4.359002      2.643648
  N      6.468000     11.305999      0.859000
  N      7.647999     11.144999      0.159000
  C      8.055999      9.910999      0.395000
  H      8.960245      9.482805     -0.029604
  N      7.210999      9.241999      1.226000
  C      6.252999     10.158999      1.479000
  N      5.151000      9.907999      2.271000
  H      5.312557      9.180388      2.978574
  H      4.717304     10.751598      2.650961
  N     14.288999      1.478000      9.301999
  N     13.108999      1.639000      8.600999
  C     12.700999      2.873000      8.837999
  H     11.794427      3.299135      8.416805
  N     13.545999      3.542000      9.667999
  C     14.503999      2.625000      9.921999
  N     15.605999      2.876000     10.713999
  H     15.443016      3.606380     11.418500
  H     16.037491      2.032500     11.097295
  N      7.369999      4.914000      7.582999
  N      6.190000      4.753000      8.283999
  C      5.782000      3.519000      8.046999
  H      4.878044      3.091149      8.471976
  N      6.627000      2.850000      7.217000
  C      7.585000      3.767000      6.962999
  N      8.686999      3.516000      6.171000
  H      8.525375      2.788949      5.463157
  H      9.127407      4.358370      5.796697
  N     13.386999      7.869999     16.025999
  N     14.566999      8.030999     16.725999
  C     14.974999      9.264999     16.489999
  H     15.879883      9.692551     16.913651
  N     14.129999      9.933999     15.658999
  C     13.171999      9.016999     15.405999
  N     12.069999      9.267999     14.613999
  H     12.232148      9.995349     13.906625
  H     11.630329      8.426500     14.236251
  O      8.908999     12.874999     13.666999
  C      8.158999     12.504999     12.740999
  O      8.389999     12.681999     11.520999
  C      6.832999     11.834999     13.134999
  O      6.111000     11.470999     12.171999
  O      6.619999     11.712999     14.356999
  O     11.847999     -0.091000      5.224000
  C     12.597999      0.279000      4.299000
  O     12.366999      0.102000      3.078000
  C     13.923999      0.949000      4.692000
  O     14.645999      1.313000      3.730000
  O     14.136999      1.071000      5.915000
  O      4.929000      6.483000     11.660999
  C      5.679000      6.113000     12.585999
  O      5.448000      6.290000     13.806999
  C      7.005000      5.443000     12.192999
  O      7.726999      5.079000     13.154999
  O      7.218000      5.321000     10.969999
  O      1.990000      6.300999      3.218000
  C      1.240000      6.670999      4.144000
  O      1.471000      6.494000      5.364000
  C     -0.086000      7.340999      3.750000
  O     -0.808000      7.704999      4.713000
  O     -0.299000      7.462999      2.528000
  O      4.929000     -0.091000      3.218000
  C      5.679000      0.279000      4.144000
  O      5.448000      0.102000      5.364000
  C      7.005000      0.949000      3.750000
  O      7.726999      1.313000      4.713000
  O      7.218000      1.071000      2.528000
  O      1.990000     12.874999     11.660999
  C      1.240000     12.504999     12.585999
  O      1.471000     12.681999     13.806999
  C     -0.086000     11.834999     12.192999
  O     -0.808000     11.470999     13.154999
  O     -0.299000     11.712999     10.969999
  O      8.908999      6.300999      5.224000
  C      8.158999      6.670999      4.299000
  O      8.389999      6.494000      3.078000
  C      6.832999      7.340999      4.692000
  O      6.111000      7.704999      3.730000
  O      6.619999      7.462999      5.915000
  O     11.847999      6.483000     13.666999
  C     12.597999      6.113000     12.740999
  O     12.366999      6.290000     11.520999
  C     13.923999      5.443000     13.134999
  O     14.645999      5.079000     12.171999
  O     14.136999      5.321000     14.356999
 Zn      8.212999     12.476999     15.603999
 Zn      7.229999     11.913999     10.094999
 Zn     12.543999      0.307000      7.160999
 Zn     13.526999      0.870000      1.653000
 Zn      5.625000      6.085000      9.723999
 Zn      6.608000      5.522000     15.231999
 Zn      1.294000      6.699000      1.281000
 Zn      0.311000      7.261999      6.790000
 Zn      5.625000      0.307000      1.281000
 Zn      6.608000      0.870000      6.790000
 Zn      1.294000     12.476999      9.723999
 Zn      0.311000     11.913999     15.231999
 Zn      8.212999      6.699000      7.160999
 Zn      7.229999      7.261999      1.653000
 Zn     12.543999      6.085000     15.603999
 Zn     13.526999      5.522000     10.094999
